4 0.6546875 0.66015625 0.1609375 0.34375
4 0.33125 0.6484375 0.1625 0.340625
1 0.77734375 0.6484375 0.0859375 0.38125
4 0.49375 0.6328125 0.1625 0.384375
0 0.2 0.6078125 0.0546875 0.3875
1 0.63359375 0.59609375 0.0578125 0.2703125
0 0.15234375 0.5875 0.0859375 0.46875
1 0.10234375 0.57578125 0.090625 0.4046875
4 0.7671875 0.5609375 0.2 0.428125
1 0.8453125 0.55703125 0.090625 0.340625
3 0.5890625 0.540625 0.1578125 0.4140625
3 0.42734375 0.540625 0.1609375 0.4140625
3 0.26875 0.53203125 0.1578125 0.4109375