4 0.3453125 0.33984375 0.1609375 0.34375
4 0.66875 0.3515625 0.1625 0.340625
1 0.22265625 0.3515625 0.0859375 0.38125
4 0.50625 0.3671875 0.1625 0.384375
0 0.8 0.3921875 0.0546875 0.3875
1 0.36640625 0.40390625 0.0578125 0.2703125
0 0.84765625 0.4125 0.0859375 0.46875
1 0.89765625 0.42421875 0.090625 0.4046875
4 0.2328125 0.4390625 0.2 0.428125
1 0.1546875 0.44296875 0.090625 0.340625
3 0.4109375 0.459375 0.1578125 0.4140625
3 0.57265625 0.459375 0.1609375 0.4140625
3 0.73125 0.46796875 0.1578125 0.4109375