4 0.65078125 0.26796875 0.1546875 0.3390625
4 0.72109375 0.6546875 0.1703125 0.4625
4 0.66875 0.66171875 0.1546875 0.3421875
3 0.63125 0.66953125 0.134375 0.496875
3 0.46796875 0.671875 0.1484375 0.496875
1 0.7859375 0.68515625 0.0328125 0.5171875
1 0.2890625 0.6890625 0.0703125 0.4671875
3 0.38984375 0.69453125 0.153125 0.4515625
4 0.671875 0.21484375 0.1328125 0.35
4 0.41875 0.22421875 0.153125 0.4109375
4 0.42421875 0.23203125 0.1609375 0.3890625
0 0.75078125 0.24921875 0.0828125 0.3546875
1 0.3390625 0.25625 0.0296875 0.3421875