1 0.4890625 0.66015625 0.603125 0.0546875
1 0.58515625 0.6 0.4953125 0.05
3 0.41640625 0.5375 0.4625 0.1
4 0.79140625 0.50234375 0.0234375 0.0953125
4 0.84140625 0.49609375 0.053125 0.1078125
5 0.88359375 0.48125 0.1234375 0.4078125
4 0.40390625 0.4203125 0.528125 0.1453125
1 0.3515625 0.3171875 0.4125 0.059375
1 0.73359375 0.27109375 0.3234375 0.0515625
1 0.32265625 0.2625 0.4859375 0.05
1 0.3 0.2078125 0.4203125 0.0453125
1 0.7359375 0.2015625 0.4125 0.0484375
1 0.7671875 0.14609375 0.3296875 0.0578125
1 0.31640625 0.1453125 0.503125 0.0609375