4 0.88984375 0.15703125 0.109375 0.24375
3 0.66875 0.16953125 0.1484375 0.3375
1 0.56015625 0.1875 0.0421875 0.35625
3 0.3671875 0.1984375 0.065625 0.3890625
3 0.46328125 0.20234375 0.065625 0.3921875
3 0.7765625 0.24453125 0.140625 0.484375
1 0.9359375 0.50234375 0.040625 0.296875
3 0.0484375 0.62734375 0.0640625 0.4296875
1 0.2671875 0.6640625 0.0359375 0.396875
1 0.35625 0.66953125 0.0390625 0.3984375
2 0.6828125 0.671875 0.075 0.4234375
2 0.578125 0.6734375 0.065625 0.434375
1 0.46484375 0.70234375 0.053125 0.4515625
4 0.85390625 0.715625 0.178125 0.384375