3 0.296875 0.48359375 0.146875 0.7078125
3 0.434375 0.47734375 0.1484375 0.7515625
3 0.13515625 0.465625 0.1375 0.5796875
4 0.3984375 0.97734375 0.021875 0.0453125
4 0.42578125 0.975 0.025 0.05
4 0.4109375 0.97421875 0.0265625 0.0515625
4 0.44296875 0.96953125 0.025 0.0609375
4 0.46953125 0.96953125 0.0265625 0.0609375
4 0.45625 0.96875 0.028125 0.0625
0 0.52734375 0.58046875 0.046875 0.603125
1 0.61171875 0.56328125 0.0703125 0.584375
1 0.690625 0.5609375 0.071875 0.6078125
1 0.759375 0.56015625 0.0609375 0.5015625