4 0.596875 0.5 0.109375 0.1453125
4 0.3453125 0.51484375 0.265625 0.096875
4 0.77109375 0.58515625 0.2265625 0.0921875
4 0.31640625 0.6015625 0.271875 0.1078125
4 0.57421875 0.696875 0.1296875 0.228125
1 0.66484375 0.75234375 0.065625 0.184375
1 0.82265625 0.7625 0.0453125 0.165625
1 0.7515625 0.76484375 0.0578125 0.16875
4 0.3515625 0.8734375 0.265625 0.1078125
3 0.16484375 0.2234375 0.096875 0.19375
1 0.37734375 0.2453125 0.303125 0.0625
1 0.38046875 0.30859375 0.296875 0.0640625
1 0.4 0.36640625 0.321875 0.0625
4 0.3453125 0.4078125 0.2265625 0.0875
3 0.17109375 0.434375 0.109375 0.209375
4 0.77734375 0.4828125 0.2265625 0.0828125