1 0.7171875 0.7125 0.090625 0.2046875
0 0.6359375 0.6890625 0.0984375 0.2390625
4 0.31328125 0.62421875 0.1390625 0.2625
4 0.4109375 0.58125 0.1421875 0.253125
4 0.2484375 0.55703125 0.171875 0.3046875
0 0.61875 0.553125 0.096875 0.3359375
3 0.75546875 0.5515625 0.1546875 0.2921875
3 0.534375 0.54453125 0.140625 0.296875
4 0.884375 0.50234375 0.20625 0.28125
1 0.43984375 0.36875 0.396875 0.075
1 0.62890625 0.32890625 0.3921875 0.10625
1 0.63515625 0.2625 0.2796875 0.0625
3 0.2265625 0.2546875 0.396875 0.1375