4 0.34921875 0.26796875 0.1546875 0.3390625
4 0.27890625 0.6546875 0.1703125 0.4625
4 0.33125 0.66171875 0.1546875 0.3421875
3 0.36875 0.66953125 0.134375 0.496875
3 0.53203125 0.671875 0.1484375 0.496875
1 0.2140625 0.68515625 0.0328125 0.5171875
1 0.7109375 0.6890625 0.0703125 0.4671875
3 0.61015625 0.69453125 0.153125 0.4515625
4 0.328125 0.21484375 0.1328125 0.35
4 0.58125 0.22421875 0.153125 0.4109375
4 0.57578125 0.23203125 0.1609375 0.3890625
0 0.24921875 0.24921875 0.0828125 0.3546875
1 0.6609375 0.25625 0.0296875 0.3421875