1 0.5109375 0.33984375 0.603125 0.0546875
1 0.41484375 0.4 0.4953125 0.05
3 0.58359375 0.4625 0.4625 0.1
4 0.20859375 0.49765625 0.0234375 0.0953125
4 0.15859375 0.50390625 0.053125 0.1078125
5 0.11640625 0.51875 0.1234375 0.4078125
4 0.59609375 0.5796875 0.528125 0.1453125
1 0.6484375 0.6828125 0.4125 0.059375
1 0.26640625 0.72890625 0.3234375 0.0515625
1 0.67734375 0.7375 0.4859375 0.05
1 0.7 0.7921875 0.4203125 0.0453125
1 0.2640625 0.7984375 0.4125 0.0484375
1 0.2328125 0.85390625 0.3296875 0.0578125
1 0.68359375 0.8546875 0.503125 0.0609375