3 0.703125 0.48359375 0.146875 0.7078125
3 0.565625 0.47734375 0.1484375 0.7515625
3 0.86484375 0.465625 0.1375 0.5796875
4 0.6015625 0.97734375 0.021875 0.0453125
4 0.57421875 0.975 0.025 0.05
4 0.5890625 0.97421875 0.0265625 0.0515625
4 0.55703125 0.96953125 0.025 0.0609375
4 0.53046875 0.96953125 0.0265625 0.0609375
4 0.54375 0.96875 0.028125 0.0625
0 0.47265625 0.58046875 0.046875 0.603125
1 0.38828125 0.56328125 0.0703125 0.584375
1 0.309375 0.5609375 0.071875 0.6078125
1 0.240625 0.56015625 0.0609375 0.5015625