0 0.45390625 0.19765625 0.6875 0.0421875
0 0.42890625 0.27890625 0.6125 0.0453125
0 0.8234375 0.49375 0.10625 0.240625
0 0.509375 0.4984375 0.0953125 0.25625
0 0.16640625 0.49921875 0.09375 0.2765625
0 0.34296875 0.50078125 0.0953125 0.2703125
0 0.6609375 0.5078125 0.09375 0.2625
0 0.8140625 0.79453125 0.0984375 0.2140625
0 0.6625 0.8046875 0.1109375 0.265625
0 0.33984375 0.80703125 0.1171875 0.2734375
0 0.49609375 0.8078125 0.1125 0.275
0 0.1828125 0.8109375 0.109375 0.278125
0 0.50234375 0.1171875 0.7921875 0.04375