4 0.403125 0.5 0.109375 0.1453125
4 0.6546875 0.48515625 0.265625 0.096875
4 0.22890625 0.41484375 0.2265625 0.0921875
4 0.68359375 0.3984375 0.271875 0.1078125
4 0.42578125 0.303125 0.1296875 0.228125
1 0.33515625 0.24765625 0.065625 0.184375
1 0.17734375 0.2375 0.0453125 0.165625
1 0.2484375 0.23515625 0.0578125 0.16875
4 0.6484375 0.1265625 0.265625 0.1078125
3 0.83515625 0.7765625 0.096875 0.19375
1 0.62265625 0.7546875 0.303125 0.0625
1 0.61953125 0.69140625 0.296875 0.0640625
1 0.6 0.63359375 0.321875 0.0625
4 0.6546875 0.5921875 0.2265625 0.0875
3 0.82890625 0.565625 0.109375 0.209375
4 0.22265625 0.5171875 0.2265625 0.0828125